function mpc = BaWue_Transnet
%MPC_IN_T0  MatPower Simulation Input (t = t0)

%% MATPOWER Case Format : Version 2
mpc.version = '2';

%%-----  Power Flow Data  -----%%
%% system MVA base
mpc.baseMVA = 500;

%% bus data
%	bus_i	type	Pd	Qd	Gs	Bs	area	Vm	Va	baseKV	zone	Vmax	Vmin
mpc.bus = [
	1	1	0	0	0	0	0	1	0	380	0	1.05	0.95;
	2	2	0	0	0	0	0	1	0	220	0	1.05	0.95;
	3	1	0	0	0	0	0	1	0	380	0	1.05	0.95;
	4	2	0	0	0	0	0	1	0	11	0	1.05	0.95;
	5	2	0	0	0	0	0	1	0	11	0	1.05	0.95;
	6	2	0	0	0	0	0	1	0	11	0	1.05	0.95;
	7	2	0	0	0	0	0	1	0	11	0	1.05	0.95;
	8	2	0	0	0	0	0	1	0	11	0	1.05	0.95;
	9	2	0	0	0	0	0	1	0	11	0	1.05	0.95;
	10	2	0	0	0	0	0	1	0	11	0	1.05	0.95;
	11	2	0	0	0	0	0	1	0	11	0	1.05	0.95;
	12	2	0	0	0	0	0	1	0	11	0	1.05	0.95;
	13	2	0	0	0	0	0	1	0	11	0	1.05	0.95;
	14	1	0	0	0	0	0	1	0	220	0	1.05	0.95;
	15	1	0	0	0	0	0	1	0	220	0	1.05	0.95;
	16	1	0	0	0	0	0	1	0	380	0	1.05	0.95;
	17	1	96.69	46.79	0	0	1	1	0	110	0	1.05	0.95;
	18	2	0	0	0	0	0	1	0	11	0	1.05	0.95;
	19	1	44.578	21.5757	0	0	3	1	0	110	0	1.05	0.95;
	20	1	107.25	51.909	0	0	5	1	0	110	0	1.05	0.95;
	21	1	100	48.4	0	0	6	1	0	110	0	1.05	0.95;
	22	1	24.88	12.04	0	0	7	1	0	110	0	1.05	0.95;
	23	2	0	0	0	0	0	1	0	11	0	1.05	0.95;
	24	1	31.71091	15.348	0	0	8	1	0	110	0	1.05	0.95;
	25	1	107.25	51.909	0	0	10	1	0	110	0	1.05	0.95;
	26	2	0	0	0	0	0	1	0	11	0	1.05	0.95;
	27	2	0	0	0	0	0	1	0	11	0	1.05	0.95;
	28	1	173.244	83.85	0	0	11	1	0	110	0	1.05	0.95;
	29	1	36.158	17.5	0	0	12	1	0	110	0	1.05	0.95;
	30	1	244.0466	118.115	0	0	13	1	0	110	0	1.05	0.95;
	31	1	153.05883	74.08	0	0	14	1	0	110	0	1.05	0.95;
	32	1	159.59	77.24	0	0	15	1	0	110	0	1.05	0.95;
	33	1	317.59	153.71	0	0	16	1	0	110	0	1.05	0.95;
	34	1	80.62	39.02	0	0	17	1	0	110	0	1.05	0.95;
	35	1	275.228	133.21	0	0	18	1	0	110	0	1.05	0.95;
	36	1	372.665	180.36986	0	0	19	1	0	110	0	1.05	0.95;
	37	2	0	0	0	0	0	1	0	220	0	1.05	0.95;
	38	1	392.52	189.97	0	0	2	1	0	110	0	1.05	0.95;
	39	1	173.99277	84.2125	0	0	20	1	0	110	0	1.05	0.95;
	40	1	74.1873	35.9066	0	0	21	1	0	110	0	1.05	0.95;
	41	1	285.28	138.07	0	0	22	1	0	110	0	1.05	0.95;
	42	1	122.295	59.19	0	0	23	1	0	110	0	1.05	0.95;
	43	1	177.43	85.87	0	0	25	1	0	110	0	1.05	0.95;
	44	1	63.083	30.532	0	0	26	1	0	110	0	1.05	0.95;
	45	1	126.10726	61.0359	0	0	27	1	0	110	0	1.05	0.95;
	46	1	219.52	106.24768	0	0	28	1	0	110	0	1.05	0.95;
	47	1	273.91077	132.5728	0	0	29	1	0	110	0	1.05	0.95;
	48	1	195.1	94.42	0	0	30	1	0	110	0	1.05	0.95;
	49	1	127.05	61.4922	0	0	31	1	0	110	0	1.05	0.95;
	50	1	181.99	88.08	0	0	32	1	0	110	0	1.05	0.95;
	51	1	14.6448	7.0880832	0	0	33	1	0	110	0	1.05	0.95;
	52	1	159.32	77.11088	0	0	34	1	0	110	0	1.05	0.95;
	53	1	82.855	40.10182	0	0	35	1	0	110	0	1.05	0.95;
	54	1	78.91	38.19244	0	0	0	1	0	110	0	1.05	0.95;
	55	1	347.28365	168.0866	0	0	37	1	0	110	0	1.05	0.95;
	56	3	0	0	0	0	0	1	0	11	0	1.05	0.95;
	57	1	401.698	194.421	0	0	38	1	0	110	0	1.05	0.95;
	58	1	107.25	51.909	0	0	39	1	0	110	0	1.05	0.95;
	59	1	139.98	67.75	0	0	40	1	0	110	0	1.05	0.95;
	60	1	335.308	162.289	0	0	41	1	0	110	0	1.05	0.95;
	61	1	236.908	114.663	0	0	42	1	0	110	0	1.05	0.95;
	62	2	0	0	0	0	0	1	0	11	0	1.05	0.95;
	63	1	10.80471	5.22947964	0	0	4	1	0	20	0	1.05	0.95;
	64	1	10.80471	5.22947964	0	0	9	1	0	20	0	1.05	0.95;
	65	1	136.0971	65.8709964	0	0	24	1	0	110	0	1.05	0.95;
	66	1	281.23	136.1152	0	0	43	1	0	110	0	1.05	0.95;
	67	1	144.85	70.1074	0	0	44	1	0	110	0	1.05	0.95;
	68	1	234.43	113.46	0	0	45	1	0	110	0	1.05	0.95;
	69	2	0	0	0	0	0	1	0	11	0	1.05	0.95;
	70	1	492.72	238.47	0	0	46	1	0	110	0	1.05	0.95;
	71	1	129.84	62.84	0	0	47	1	0	110	0	1.05	0.95;
	72	1	249.7207	120.86	0	0	48	1	0	110	0	1.05	0.95;
	73	1	206.9992	100.187	0	0	49	1	0	110	0	1.05	0.95;
	74	1	0	0	0	0	0	1	0	220	0	1.05	0.95;
	75	1	0	0	0	0	0	1	0	380	0	1.05	0.95;
	76	1	0	0	0	0	0	1	0	380	0	1.05	0.95;
	77	1	0	0	0	150	0	1	0	380	0	1.05	0.95;
	78	1	0	0	0	100	0	1	0	220	0	1.05	0.95;
	79	1	0	0	0	0	0	1	0	380	0	1.05	0.95;
	80	1	0	0	0	0	0	1	0	220	0	1.05	0.95;
	81	1	0	0	0	100	0	1	0	380	0	1.05	0.95;
	82	1	0	0	0	0	0	1	0	220	0	1.05	0.95;
	83	1	0	0	0	0	0	1	0	380	0	1.05	0.95;
	84	1	0	0	0	0	0	1	0	380	0	1.05	0.95;
	85	1	0	0	0	0	0	1	0	380	0	1.05	0.95;
	86	1	0	0	0	40	0	1	0	380	0	1.05	0.95;
	87	1	0	0	0	0	0	1	0	220	0	1.05	0.95;
	88	1	0	0	0	0	0	1	0	380	0	1.05	0.95;
	89	1	0	0	0	0	0	1	0	380	0	1.05	0.95;
	90	1	0	0	0	0	0	1	0	220	0	1.05	0.95;
	91	1	0	0	0	100	0	1	0	380	0	1.05	0.95;
	92	1	0	0	0	0	0	1	0	220	0	1.05	0.95;
	93	1	0	0	0	0	0	1	0	220	0	1.05	0.95;
	94	1	0	0	0	0	0	1	0	380	0	1.05	0.95;
	95	1	0	0	0	0	0	1	0	220	0	1.05	0.95;
	96	1	0	0	0	0	0	1	0	380	0	1.05	0.95;
	97	1	0	0	0	0	0	1	0	220	0	1.05	0.95;
	98	1	0	0	0	0	0	1	0	220	0	1.05	0.95;
	99	1	0	0	0	0	0	1	0	380	0	1.05	0.95;
	100	1	0	0	0	100	0	1	0	380	0	1.05	0.95;
	101	1	0	0	0	0	0	1	0	380	0	1.05	0.95;
	102	1	0	0	0	50	0	1	0	380	0	1.05	0.95;
	103	1	0	0	0	0	0	1	0	220	0	1.05	0.95;
	104	1	0	0	0	0	0	1	0	220	0	1.05	0.95;
	105	1	0	0	0	50	0	1	0	380	0	1.05	0.95;
	106	1	0	0	0	50	0	1	0	220	0	1.05	0.95;
	107	1	0	0	0	0	0	1	0	380	0	1.05	0.95;
	108	1	0	0	0	0	0	1	0	220	0	1.05	0.95;
	109	1	0	0	0	0	0	1	0	380	0	1.05	0.95;
	110	1	0	0	0	0	0	1	0	380	0	1.05	0.95;
	111	1	0	0	0	0	0	1	0	220	0	1.05	0.95;
	112	1	0	0	0	0	0	1	0	220	0	1.05	0.95;
	113	1	0	0	0	100	0	1	0	380	0	1.05	0.95;
	114	1	0	0	0	0	0	1	0	380	0	1.05	0.95;
	115	1	0	0	0	0	0	1	0	380	0	1.05	0.95;
	116	1	0	0	0	0	0	1	0	380	0	1.05	0.95;
	117	1	0	0	0	0	0	1	0	220	0	1.05	0.95;
	118	2	0	0	0	0	0	1	0	380	0	1.05	0.95;
	119	1	0	0	0	50	0	1	0	220	0	1.05	0.95;
	120	1	0	0	0	100	36	1	0	380	0	1.05	0.95;
	121	1	0	0	0	0	0	1	0	220	0	1.05	0.95;
	122	1	0	0	0	0	0	1	0	380	0	1.05	0.95;
	123	1	0	0	0	60	0	1	0	380	0	1.05	0.95;
	124	1	0	0	0	0	0	1	0	380	0	1.05	0.95;
	125	1	0	0	0	0	0	1	0	220	0	1.05	0.95;
	126	1	0	0	0	0	0	1	0	380	0	1.05	0.95;
	127	1	0	0	0	100	0	1	0	380	0	1.05	0.95;
	128	1	0	0	0	0	0	1	0	220	0	1.05	0.95;
	129	1	0	0	0	0	0	1	0	380	0	1.05	0.95;
	130	1	0	0	0	0	0	1	0	220	0	1.05	0.95;
	131	1	0	0	0	0	0	1	0	380	0	1.05	0.95;
	132	1	0	0	0	0	0	1	0	220	0	1.05	0.95;
	133	1	0	0	0	0	0	1	0	380	0	1.05	0.95;
	134	1	0	0	0	0	0	1	0	380	0	1.05	0.95;
	135	1	0	0	0	0	0	1	0	220	0	1.05	0.95;
	136	1	0	0	0	0	0	1	0	220	0	1.05	0.95;
	137	1	0	0	0	0	0	1	0	380	0	1.05	0.95;
	138	1	0	0	0	0	0	1	0	380	0	1.05	0.95;
	139	1	0	0	0	0	0	1	0	220	0	1.05	0.95;
	140	1	0	0	0	0	0	1	0	380	0	1.05	0.95;
	141	1	0	0	0	0	0	1	0	220	0	1.05	0.95;
	142	1	0	0	0	0	0	1	0	380	0	1.05	0.95;
	143	1	0	0	0	0	0	1	0	220	0	1.05	0.95;
	144	1	0	0	0	0	0	1	0	380	0	1.05	0.95;
	145	1	0	0	0	0	0	1	0	380	0	1.05	0.95;
	146	1	0	0	0	0	0	1	0	380	0	1.05	0.95;
	147	1	0	0	0	0	0	1	0	380	0	1.05	0.95;
	148	1	0	0	0	0	0	1	0	380	0	1.05	0.95;
	149	1	0	0	0	0	0	1	0	380	0	1.05	0.95;
];

%% generator data
%	bus	Pg	Qg	Qmax	Qmin	Vg	mBase	status	Pmax	Pmin	Pc1	Pc2	Qc1min	Qc1max	Qc2min	Qc2max	ramp_agc	ramp_10	ramp_30	ramp_q	apf
mpc.gen = [
	4	1350	0	0	0	1	100	1	0	0	0	0	0	0	0	0	0	0	0	0	0;
	5	200	0	0	0	1	100	1	0	0	0	0	0	0	0	0	0	0	0	0	0;
	6	1000	0	0	0	1	100	1	0	0	0	0	0	0	0	0	0	0	0	0	0;
	7	1000	0	0	0	1	100	1	0	0	0	0	0	0	0	0	0	0	0	0	0;
	8	300	0	0	0	1	100	1	0	0	0	0	0	0	0	0	0	0	0	0	0;
	9	100	0	0	0	1	100	1	0	0	0	0	0	0	0	0	0	0	0	0	0;
	10	150	0	0	0	1	100	1	0	0	0	0	0	0	0	0	0	0	0	0	0;
	11	353	0	0	0	1	100	1	0	0	0	0	0	0	0	0	0	0	0	0	0;
	12	100	0	0	0	1	100	1	0	0	0	0	0	0	0	0	0	0	0	0	0;
	13	100	0	0	0	1	100	1	0	0	0	0	0	0	0	0	0	0	0	0	0;
	18	843	0	0	0	1	100	1	0	0	0	0	0	0	0	0	0	0	0	0	0;
	23	435	0	0	0	1	100	1	0	0	0	0	0	0	0	0	0	0	0	0	0;
	26	425	0	0	0	1	100	1	0	0	0	0	0	0	0	0	0	0	0	0	0;
	27	255	0	0	0	1	100	1	0	0	0	0	0	0	0	0	0	0	0	0	0;
	56	1402	0	0	0	1	100	1	0	0	0	0	0	0	0	0	0	0	0	0	0;
	62	240	0	0	0	1	100	1	0	0	0	0	0	0	0	0	0	0	0	0	0;
	69	910	0	0	0	1	100	1	0	0	0	0	0	0	0	0	0	0	0	0	0;
];

%% branch data
%	fbus	tbus	r	x	b	rateA	rateB	rateC	ratio	angle	status	angmin	angmax
